date,open,high,low,close,volume,Name,return,rolling_mean,rolling_std
2013-02-14,44.72,44.78,44.36,44.58,3826245,A,-0.003798882681564253,44.726,0.2087582333705681
2013-02-15,43.48,44.24,42.21,42.25,14657315,A,-0.05226558995065045,44.160000000000004,1.0697896989595688
2013-02-19,42.21,43.12,42.21,43.01,4116141,A,0.017988165680473234,43.842,1.1402938217845473
2013-02-20,42.84,42.85,42.225,42.24,3873183,A,-0.0179028132992326,43.366,1.2277336844772224
2013-02-21,42.14,42.14,41.47,41.63,3415149,A,-0.014441287878787845,42.742,1.138055358934717
2013-02-22,41.83,42.07,41.58,41.8,3354862,A,0.004083593562334675,42.186,0.5348177259590831
2013-02-25,42.09,42.22,41.29,41.29,3622460,A,-0.01220095693779899,41.994,0.6630460014207524
2013-02-26,40.62,41.29,40.19,40.97,6185811,A,-0.007750060547348059,41.586,0.48541734620845284
2013-02-27,40.99,41.905,40.83,41.73,3564385,A,0.01855015865267262,41.483999999999995,0.3476780119594242
2013-02-28,41.78,42.06,41.45,41.48,3464202,A,-0.005990893841361089,41.45399999999999,0.3382750360284623
2013-03-01,41.18,41.98,40.73,41.93,3089323,A,0.010848601735776287,41.48,0.3745664160066389
2013-03-04,41.75,42.18,41.52,42.03,2435306,A,0.0023849272597185056,41.628,0.42369800565976157
2013-03-05,42.35,43.19,42.34,42.66,3289188,A,0.01498929336188426,41.965999999999994,0.4412822226195567
2013-03-06,43.0,43.52,42.9,43.24,2996908,A,0.013595874355368132,42.268,0.687437269865442
2013-03-07,43.3,43.48,42.81,43.25,2414186,A,0.00023126734505085622,42.622,0.6338532953294824
2013-03-08,43.5,43.52,43.02,43.03,3256301,A,-0.005086705202312136,42.842,0.5130009746579828
2013-03-11,42.99,43.01,41.73,42.81,5472837,A,-0.005112712061352553,42.998000000000005,0.2610938528576228
2013-03-12,42.8,43.0,42.59,42.62,3767613,A,-0.004438215370240695,42.99,0.2743173344869743
2013-03-13,42.56,43.05,42.4,43.0,2241086,A,0.008916001877053104,42.942,0.23826455884171963
2013-03-14,43.03,43.38,43.0,43.32,2840603,A,0.007441860465116301,42.956,0.26178235234644587
2013-03-15,43.1,43.22,42.88,43.01,2579690,A,-0.007156048014773875,42.952,0.26051871333944265
2013-03-18,42.46,42.7,42.18,42.55,1847766,A,-0.010695187165775444,42.9,0.31599050618656266
2013-03-19,42.68,42.82,41.59,42.0,6246443,A,-0.012925969447708519,42.775999999999996,0.513351731272079
2013-03-20,42.25,42.785,42.22,42.7,3240314,A,0.01666666666666683,42.715999999999994,0.49792569726821834
2013-03-21,42.45,42.76,41.63,41.65,4409084,A,-0.024590163934426368,42.382,0.5489717661228583
2013-03-22,41.79,41.79,40.91,41.25,5425027,A,-0.009603841536614643,42.03,0.6068360569380025
2013-03-25,41.49,41.654,40.79,41.13,2797510,A,-0.002909090909090861,41.745999999999995,0.6342948841036586
2013-03-26,41.4,41.82,41.32,41.82,2513554,A,0.016776075857038553,41.71,0.6212487424535161
2013-03-27,41.4,42.19,41.21,42.09,3369968,A,0.006456241032998689,41.588,0.3980200999950622
2013-03-28,42.08,42.08,41.4995,41.97,2147900,A,-0.0028510334996437736,41.652,0.43453423340408603
2013-04-01,41.83,41.9771,40.79,40.93,2541331,A,-0.024779604479389983,41.588,0.5230869908534136
2013-04-02,41.12,41.36,40.59,40.66,2354390,A,-0.006596628389934134,41.494,0.6522499520889858
2013-04-03,40.63,40.99,40.32,40.52,5278950,A,-0.0034431874077716085,41.233999999999995,0.7426506581159759
2013-04-04,40.54,41.47,40.54,41.41,3918841,A,0.021964461994076867,41.098,0.5941127839056278
2013-04-05,40.73,41.85,40.67,41.54,4959134,A,0.003139338324076313,41.01199999999999,0.4499666654321164
2013-04-08,41.44,41.7425,41.17,41.66,2395400,A,0.00288878189696673,41.158,0.5283180860050992
2013-04-09,41.73,42.13,41.53,41.65,1659420,A,-0.00024003840614494898,41.356,0.4781526952763964
2013-04-10,41.73,42.37,41.665,42.26,2169261,A,0.014645858343337315,41.70399999999999,0.3268485887992633
2013-04-11,42.35,43.93,42.3301,43.86,5626492,A,0.03786086133459543,42.194,0.9732317298567952
2013-04-12,43.54,44.785,43.43,44.75,6083564,A,0.02029183766529874,42.836,1.399403444329054
2013-04-15,44.5,44.54,42.945,43.04,7750724,A,-0.03821229050279329,43.112,1.236029934912583
2013-04-16,43.46,43.75,42.84,43.39,4505330,A,0.008131970260223165,43.46,0.928089435345532
2013-04-17,43.08,43.11,41.93,42.19,4492937,A,-0.027656141968195547,43.446000000000005,0.9509626701400997
2013-04-18,41.77,42.25,41.4798,41.83,3976804,A,-0.008532827684285316,43.04,1.1438094246857744
2013-04-19,41.89,42.22,41.65,42.0,3075803,A,0.004064068850107683,42.489999999999995,0.685237185214012
2013-04-22,42.03,42.25,41.34,41.85,2340457,A,-0.0035714285714285587,42.251999999999995,0.6523189403965148
2013-04-23,42.21,42.8425,42.13,42.61,3522419,A,0.01816009557945031,42.096000000000004,0.3215276037917086
2013-04-24,42.72,43.035,42.37,42.85,3020692,A,0.00563248063834787,42.228,0.4706591123095711
2013-04-25,43.05,43.25,42.66,42.73,2119838,A,-0.0028004667444575526,42.408,0.4521283003750429
2013-04-26,42.44,42.57,40.69,41.3,5283798,A,-0.033465948981979854,42.268,0.6672480798024314
2013-04-29,41.64,41.68,41.05,41.46,2541961,A,0.0038740920096853593,42.19,0.7464248120206307
2013-04-30,41.2,41.66,40.95,41.44,3451449,A,-0.0004823926676315038,41.955999999999996,0.7650032679669032
2013-05-01,41.42,41.74,41.26,41.31,2726213,A,-0.003137065637065506,41.648,0.6092372280155318
2013-05-02,41.49,41.72,41.236,41.48,3437642,A,0.00411522633744843,41.398,0.08613942186976364
2013-05-03,41.93,42.55,41.54,41.55,4741565,A,0.0016875602700097136,41.44799999999999,0.08757853618356246
2013-05-06,41.44,42.12,41.39,42.0,2819360,A,0.010830324909747446,41.556,0.2631159440247857
2013-05-07,42.18,42.41,41.9,42.4,3524022,A,0.00952380952380949,41.748,0.44482580860382964
2013-05-08,42.4,42.95,42.3,42.94,2119765,A,0.012735849056603854,42.074,0.6101475231450585
2013-05-09,42.97,43.195,42.63,43.16,3159293,A,0.005123428039124356,42.41,0.6616645675869681
2013-05-10,43.12,43.85,43.04,43.63,4662252,A,0.010889712696941833,42.826,0.6392808459511751
2013-05-13,43.43,43.56,42.72,43.04,4260335,A,-0.013522805409122207,43.034000000000006,0.4421312022466296
2013-05-14,42.98,44.06,42.882,43.97,6075845,A,0.021607806691449793,43.348,0.43677225186594787
2013-05-15,44.9,46.49,44.89,45.68,10289000,A,0.038890152376620524,43.896,1.064579729282898
2013-05-16,45.43,45.84,44.97,44.99,4890962,A,-0.015105078809106831,44.262,1.0628593509961928
2013-05-17,45.02,45.83,44.99,45.56,3247851,A,0.012669482107134922,44.648,1.1246199358005569
2013-05-20,45.48,47.45,45.39,46.34,5698804,A,0.017120280948200284,45.308,0.888577514907981
2013-05-21,46.3,46.96,46.21,46.75,4020941,A,0.008847647820457327,45.864,0.6895143218237235
2013-05-22,46.72,47.473,46.07,46.24,5421887,A,-0.010909090909090868,45.976000000000006,0.6975887040370043
2013-05-23,45.7,45.93,45.195,45.74,3777408,A,-0.010813148788927363,46.126,0.47893632144579074
2013-05-24,45.36,45.69,45.25,45.59,2225361,A,-0.00327940533449933,46.132000000000005,0.470180816282444
2013-05-28,46.09,46.94,46.09,46.43,4793962,A,0.018425093222197875,46.15,0.4817156837804063
2013-05-29,45.98,46.35,45.4,46.05,3621114,A,-0.008184363558044416,46.010000000000005,0.34648232278144947
2013-05-30,46.21,47.05,46.01,46.05,3090824,A,0.0,45.971999999999994,0.32468446220912606
2013-05-31,45.91,46.47,45.43,45.45,4609273,A,-0.013029315960911947,45.914,0.39481641303272846
2013-06-03,45.65,45.84,45.04,45.51,3677473,A,0.0013201320132012473,45.898,0.41245605826564324
2013-06-04,46.175,46.45,45.38,45.42,3364296,A,-0.0019775873434408897,45.696000000000005,0.32477684646544197
2013-06-05,45.32,45.38,44.5,44.53,2495073,A,-0.019594892118009688,45.391999999999996,0.5463698381133847
2013-06-06,44.5,45.01,44.21,45.01,3781151,A,0.010779249943857927,45.184000000000005,0.41554783118198674
2013-06-07,45.16,45.92,44.94,45.15,2781171,A,0.0031104199066873672,45.124,0.38830400461501063
2013-06-10,45.35,45.35,44.485,44.73,2730800,A,-0.009302325581395432,44.968,0.3491704454848071
2013-06-11,44.22,44.63,44.0,44.4,3914328,A,-0.007377598926894713,44.763999999999996,0.3154045021873711
2013-06-12,44.78,44.828,43.795,43.92,2730633,A,-0.0108108108108107,44.641999999999996,0.4952474129160756
2013-06-13,43.87,44.56,43.66,44.49,2594941,A,0.012978142076502719,44.538,0.45129812762747945
2013-06-14,44.34,44.57,43.85,44.0,1677669,A,-0.01101371094628012,44.30800000000001,0.3409838705863883
2013-06-17,44.38,44.869,44.185,44.38,2000122,A,0.008636363636363775,44.238,0.258689002472229
2013-06-18,44.38,44.81,44.2701,44.8,2522376,A,0.009463722397476282,44.318000000000005,0.36238101495535807
2013-06-19,44.74,44.8796,43.5,43.52,5805826,A,-0.02857142857142847,44.238,0.4928691509925081
2013-06-20,43.11,43.11,41.85,42.32,6307980,A,-0.02757352941176472,43.803999999999995,0.9546098679565831
2013-06-21,42.6,43.23,42.37,42.98,3656145,A,0.015595463137996202,43.6,1.009653405877527
2013-06-24,42.44,42.75,42.07,42.31,2871453,A,-0.015588645881805419,43.186,1.03396324886337
2013-06-25,42.01,42.82,42.01,42.48,2939595,A,0.0040179626565821636,42.721999999999994,0.5228001530222698
2013-06-26,43.1,43.29,42.28,42.34,3693707,A,-0.003295668549905706,42.486000000000004,0.28456985082772074
2013-06-27,42.56,43.29,42.52,43.08,3447018,A,0.017477562588568585,42.638,0.3652670256129198
2013-06-28,43.0,43.305,42.73,42.76,5556673,A,-0.00742804085422466,42.594,0.32477684646555444
2013-07-01,43.05,43.77,42.91,43.59,4283821,A,0.01941066417212367,42.85,0.5013980454689745
2013-07-02,43.5,43.89,42.95,43.09,2986405,A,-0.011470520761642566,42.972,0.4614867278699409
2013-07-03,42.82,43.46,42.72,43.17,1940832,A,0.0018565792527267533,43.138,0.2974390693908633
2013-07-05,43.46,44.295,43.4,44.23,2100873,A,0.024554088487375392,43.36800000000001,0.5653494494559094
2013-07-08,44.38,44.67,44.12,44.36,2572391,A,0.002939181550983605,43.688,0.5875542528142376
2013-07-09,44.6,44.96,44.34,44.6,3476214,A,0.0054102795311090635,43.89,0.706929982388705
2013-07-10,44.64,45.65,44.51,45.31,3277684,A,0.015919282511210886,44.333999999999996,0.7729359611249097
2013-07-11,45.69,45.98,45.43,45.72,2131803,A,0.009048775104833373,44.844,0.6432961992737678
2013-07-12,45.78,45.95,45.5838,45.75,1978819,A,0.0006561679790026975,45.148,0.6397421355515578
2013-07-15,45.7,46.275,45.68,46.11,2433181,A,0.007868852459016473,45.498000000000005,0.5764286599398557
2013-07-16,46.09,46.47,45.775,45.91,2026749,A,-0.004337453914552203,45.760000000000005,0.295465734053971
2013-07-17,45.95,46.1,45.57,45.61,1196543,A,-0.006534524068830261,45.82,0.19442222095236883
2013-07-18,45.66,46.05,45.55,45.9,1999719,A,0.006358254768691118,45.856,0.18782971011011979
2013-07-19,45.83,46.275,45.69,46.2,1179308,A,0.0065359477124184995,45.946000000000005,0.22788154817810966
2013-07-22,46.23,46.85,46.1,46.8,1836733,A,0.01298701298701288,46.083999999999996,0.45136459763704334
2013-07-23,46.31,46.84,46.31,46.47,2934199,A,-0.007051282051282026,46.196,0.4666154733825791
2013-07-24,46.67,46.81,46.495,46.76,1831121,A,0.0062405853238647335,46.426,0.38115613598634884
2013-07-25,46.62,46.9,46.39,46.66,1420233,A,-0.002138579982891353,46.577999999999996,0.24681977230367905
2013-07-26,46.31,46.56,45.4322,45.6,3694988,A,-0.022717531075867825,46.458000000000006,0.49630635700144293
2013-07-29,45.59,45.7,44.98,45.34,1962142,A,-0.0057017543859648745,46.166,0.6503691259585218
2013-07-30,45.55,45.6,44.82,44.85,2791858,A,-0.01080723423026031,45.842,0.8376276022195436
2013-07-31,45.04,45.3,44.66,44.73,2807402,A,-0.0026755852842810235,45.436,0.7707334169478306
2013-08-01,45.51,46.2,45.32,46.04,2745041,A,0.029286832103733618,45.312,0.5398796162109524
2013-08-02,46.06,46.51,45.9901,46.38,2387817,A,0.00738488271068638,45.467999999999996,0.7248930955665682
2013-08-05,46.26,46.4,45.8,45.94,1875418,A,-0.009486847779215268,45.588,0.7477098367683005
2013-08-06,45.93,46.215,45.61,46.08,2280909,A,0.0030474531998259113,45.833999999999996,0.6385765420057918
2013-08-07,45.88,46.46,45.62,46.28,1702122,A,0.004340277777777901,46.144,0.18077610461581936
2013-08-08,46.5,46.55,45.64,45.85,1702407,A,-0.009291270527225559,46.106,0.2231143204728694
2013-08-09,45.85,46.46,45.81,46.22,1958449,A,0.008069792802617215,46.074,0.18160396471462448
2013-08-12,45.89,46.51,45.72,46.45,1247241,A,0.0049762007788836105,46.176,0.2254550953074003
2013-08-13,46.45,46.98,46.24,46.92,2078213,A,0.010118406889128018,46.344,0.38939696968526344
2013-08-14,46.77,47.0,46.37,46.51,1989871,A,-0.008738277919863702,46.39,0.39350984739910233
2013-08-15,47.59,48.17,46.85,46.96,6708341,A,0.009675338636852437,46.612,0.3187004863505273
2013-08-16,46.81,47.22,46.52,46.79,3624694,A,-0.003620102214650811,46.726,0.234158066271615
2013-08-19,46.63,46.94,46.42,46.44,1727559,A,-0.007480230818550981,46.724000000000004,0.2371286570620752
2013-08-20,46.43,47.2699,46.17,47.03,2294328,A,0.012704565030146497,46.746,0.2634957305158154
2013-08-21,46.93,47.24,46.64,46.89,1949054,A,-0.0029768233042738457,46.822,0.23123581037560387
2013-08-22,46.89,48.33,46.8,47.97,3147986,A,0.02303262955854124,47.024,0.5719965034858702
2013-08-23,47.96,48.0,47.54,47.68,1702511,A,-0.006045445069835287,47.202,0.6176325768610813
2013-08-26,47.64,48.205,47.39,47.6,2012701,A,-0.001677852348993203,47.434,0.4567603310271766
2013-08-27,47.08,47.39,46.8,46.97,2138064,A,-0.013235294117647123,47.422,0.47060599231210026
2013-08-28,46.88,46.97,46.51,46.74,1590425,A,-0.00489674260166062,47.392,0.5156258333327144
2013-08-29,46.63,47.03,46.42,46.8,1900662,A,0.0012836970474967568,47.158,0.44890979049254237
2013-08-30,46.89,46.98,46.37,46.64,1358573,A,-0.0034188034188032956,46.95,0.3826225293942575
2013-09-03,47.04,47.51,46.615,46.93,1565632,A,0.0062178387650084765,46.815999999999995,0.13575713609258103
2013-09-04,46.93,47.96,46.74,47.87,2522043,A,0.02002983166418071,46.995999999999995,0.49972992706066477
2013-09-05,47.82,48.09,47.58,47.68,1313188,A,-0.003969082932943291,47.184,0.5532901589582596
2013-09-06,47.71,47.79,47.13,47.43,1332857,A,-0.005243288590604078,47.31,0.5143442427013776
2013-09-09,47.59,48.0485,47.29,47.95,1668867,A,0.010963525195024415,47.571999999999996,0.41099878345324553
2013-09-10,48.04,48.67,48.04,48.55,1821283,A,0.012513034410844615,47.896,0.4168692840688031
2013-09-11,48.6,49.02,48.22,48.96,1783424,A,0.00844490216271887,48.114,0.6302618503447831
2013-09-12,48.9,48.94,48.49,48.62,1468485,A,-0.006944444444444531,48.302,0.6082515926818647
2013-09-13,48.6,48.62,48.23,48.46,2141143,A,-0.0032908268202385127,48.507999999999996,0.36478760943872685
2013-09-16,49.06,49.18,48.58,48.74,1861513,A,0.005777961205117643,48.666000000000004,0.19359752064533017
2013-09-17,48.73,49.32,48.62,48.87,1578387,A,0.002667213787443501,48.73,0.1984943324128371
2013-09-18,48.77,49.35,48.29,49.32,2044234,A,0.009208103130755152,48.80200000000001,0.32668027182555204
2013-09-19,52.92,53.47,50.749,50.98,18146408,A,0.033657745336577394,49.274,1.0029356908595903
2013-09-20,51.035,52.39,50.98,52.15,10692052,A,0.022950176539819678,50.012,1.4924041007716344
2013-09-23,51.91,52.24,51.38,51.67,2716907,A,-0.009204218600191716,50.598,1.4424874349539336
2013-09-24,51.61,51.92,51.2,51.6,2185721,A,-0.0013547513063673078,51.144000000000005,1.1011948056542764
2013-09-25,51.59,52.13,51.44,51.83,2865074,A,0.004457364341085235,51.646,0.42840401492042973
2013-09-26,51.96,52.12,51.46,52.09,2680307,A,0.005016399768474011,51.86800000000001,0.24560130292800572
2013-09-27,51.84,52.1,51.4,51.63,2110103,A,-0.008830869648684958,51.763999999999996,0.2026820169623797
2013-09-30,51.02,51.615,50.75,51.25,2650001,A,-0.007360061979469368,51.68000000000001,0.30999999999990757
2013-10-01,50.7,52.08,50.7,51.9,2997047,A,0.012682926829268304,51.739999999999995,0.31953090617331503
2013-10-02,51.59,51.71,51.15,51.57,2020794,A,-0.0063583815028901425,51.688,0.3223662513352509
2013-10-03,51.56,51.57,50.91,51.06,1878510,A,-0.009889470622454932,51.482000000000006,0.33025747531274563
2013-10-04,51.17,51.86,51.07,51.78,1867889,A,0.014101057579318343,51.512,0.3530863916946499
2013-10-07,51.34,51.59,51.07,51.13,1382107,A,-0.012553109308613308,51.488,0.378510237642191
2013-10-08,51.18,51.33,49.89,50.13,2415258,A,-0.019557989438685697,51.134,0.6365767824857893
2013-10-09,50.23,50.38,49.39,49.95,2430595,A,-0.0035906642728904536,50.81,0.7595722480448922
2013-10-10,50.29,51.2,50.29,50.99,2426300,A,0.020820820820820707,50.79600000000001,0.7544401898096177
2013-10-11,50.88,51.67,50.66,51.46,1500903,A,0.009217493626201279,50.732000000000006,0.6574344073745867
2013-10-14,51.2,51.43,50.51,51.36,2110504,A,-0.001943256898562007,50.778000000000006,0.6989778251131947
2013-10-15,51.08,51.19,50.6,50.88,1961896,A,-0.009345794392523255,50.928,0.5983895052555388
2013-10-16,51.22,51.99,50.94,51.56,2450818,A,0.013364779874213806,51.25,0.29866369046129654
2013-10-17,51.25,52.7,51.13,52.65,3548418,A,0.02114041892940266,51.58200000000001,0.6515519933205239
2013-10-18,52.93,53.24,52.63,52.99,2880870,A,0.006457739791073225,51.888,0.8940749409305346
2013-10-21,53.04,53.14,51.9,51.99,2556379,A,-0.018871485185884107,52.013999999999996,0.8440556853667504
2013-10-22,52.1,52.2,50.84,51.02,4280543,A,-0.018657434121946537,52.04200000000001,0.798104003247655
2013-10-23,50.76,50.88,50.3,50.65,2348591,A,-0.0072520580164642245,51.86,1.0108906963663005
2013-10-24,50.67,51.22,50.67,51.12,1785894,A,0.009279368213227945,51.553999999999995,0.9411322967574536
2013-10-25,51.34,51.91,51.09,51.87,2398266,A,0.01467136150234749,51.33,0.5765847726050056
2013-10-28,51.79,51.98,51.12,51.49,1778672,A,-0.007326007326007189,51.23,0.4663153439465296
2013-10-29,51.52,51.9,51.23,51.7,1193955,A,0.004078461837250025,51.36600000000001,0.4883953316729857
2013-10-30,51.76,51.82,50.86,51.15,1360046,A,-0.010638297872340496,51.465999999999994,0.3309531688924616
2013-10-31,51.15,51.33,50.45,50.76,1895510,A,-0.007624633431085104,51.394000000000005,0.444668415788626
2013-11-01,50.92,51.58,50.84,51.1,1931035,A,0.006698187549251555,51.239999999999995,0.36476019519675534
2013-11-04,51.39,51.46,50.95,51.21,1409928,A,0.002152641878669259,51.184,0.337238787804692
2013-11-05,51.18,51.36,50.854,51.21,1578131,A,0.0,51.086,0.1879627622695089
2013-11-06,51.19,51.32,50.8,51.04,1432940,A,-0.0033196641281000305,51.064,0.18501351301995622
2013-11-07,51.08,51.195,49.84,50.05,3548823,A,-0.01939655172413801,50.922000000000004,0.4929198717844473
2013-11-08,50.14,50.94,50.01,50.78,1860654,A,0.014585414585414735,50.858000000000004,0.48473704211665103
2013-11-11,50.63,51.41,50.518,51.3,1984482,A,0.01024025206774315,50.876,0.5024241236246503
2013-11-12,51.2,51.4,50.76,51.2,2357218,A,-0.0019493177387913674,50.874,0.5007793925472559
2013-11-13,50.89,51.3,50.66,51.2,2110086,A,0.0,50.906,0.5188255969013064
2013-11-14,51.2,51.2,50.36,50.54,2825818,A,-0.012890625000000044,51.004000000000005,0.32784142508229336
2013-11-15,54.03,55.74,53.6902,54.93,11014343,A,0.08686189157103286,51.834,1.757037279058113
2013-11-18,54.45,54.98,53.67,54.05,4131521,A,-0.016020389586746786,52.384,1.9660696834038975
2013-11-19,53.67,54.19,53.55,53.82,2473023,A,-0.004255319148936065,52.908,1.9202265491342096
2013-11-20,53.83,54.255,53.465,53.53,2321500,A,-0.005388331475287944,53.374,1.6683015314983831
2013-11-21,53.8,54.55,53.7,54.1,2417644,A,0.01064823463478426,54.086,0.52290534516278
2013-11-22,54.1,54.3399,53.75,53.85,1910762,A,-0.004621072088724532,53.870000000000005,0.22572106680551812
2013-11-25,54.11,54.13,53.02,53.11,1750170,A,-0.013741875580315699,53.681999999999995,0.378245951729603
2013-11-26,53.26,53.93,53.23,53.65,3196344,A,0.010167576727546646,53.648,0.3702971779528372
2013-11-27,53.78,54.0,53.64,53.81,1189764,A,0.0029822926374651892,53.70399999999999,0.3691612113966364
2013-11-29,53.85,53.97,53.46,53.57,870409,A,-0.004460137520906904,53.598,0.29583779339333455
2013-12-02,53.47,53.67,53.11,53.21,1459197,A,-0.006720179204778742,53.470000000000006,0.29799328851476403
2013-12-03,52.92,53.17,52.56,52.93,2478051,A,-0.005262168765269748,53.434000000000005,0.3573233829458197
2013-12-04,52.84,53.83,52.72,53.58,2415795,A,0.012280370300396637,53.42,0.3479942528258847
2013-12-05,53.35,53.8,53.115,53.5,1810391,A,-0.001493094438223208,53.358000000000004,0.28261280933433924
2013-12-06,53.76,54.93,53.76,54.83,3053347,A,0.024859813084112226,53.61,0.7286631594912955
2013-12-09,54.8,55.43,54.74,55.06,2118503,A,0.004194783877439434,53.980000000000004,0.9194835506956215
2013-12-10,54.91,55.46,54.63,55.34,2326895,A,0.005085361423901258,54.462,0.8612897305784016
2013-12-11,55.35,55.69,54.68,54.84,2349926,A,-0.009035056017347332,54.714,0.7097041637188053
2013-12-12,54.63,55.52,54.3,55.26,2714297,A,0.007658643326039272,55.065999999999995,0.2342648074291116
2013-12-13,55.36,55.9,54.9,55.16,2022610,A,-0.0018096272167933414,55.132000000000005,0.19421637418044005
2013-12-16,55.25,55.79,55.07,55.24,1685454,A,0.0014503263234229014,55.168000000000006,0.19421637418043783
2013-12-17,55.96,57.29,55.81,56.37,3209227,A,0.02045619116582187,55.374,0.5817903402427621
2013-12-18,56.5,57.94,56.37,57.89,4136283,A,0.026964697534149318,55.984,1.1767030211569014
2013-12-19,57.57,57.83,57.07,57.38,1893211,A,-0.008809811711867344,56.408,1.2312879435776871
2013-12-20,57.47,57.67,56.91,56.96,2954031,A,-0.007319623562216826,56.767999999999994,1.0202303661427448
2013-12-23,57.45,57.655,57.12,57.54,1578464,A,0.010182584269662787,57.227999999999994,0.5845254485475837
2013-12-24,57.5,57.61,57.17,57.23,779696,A,-0.005387556482447042,57.4,0.34734708865881125
2013-12-26,57.24,57.71,57.24,57.46,714431,A,0.004018871221387554,57.314,0.2286482013919013
2013-12-27,57.23,57.42,57.12,57.17,653055,A,-0.005046989209885111,57.272000000000006,0.23274449510085343
2013-12-30,57.05,57.46,56.92,57.32,1127980,A,0.0026237537169844227,57.34400000000001,0.1546932448420158
2013-12-31,57.45,57.55,57.08,57.19,941447,A,-0.002267969295185024,57.274,0.11886967653590695